				 -------------TRAINING STATS-------------


Dataset Used:	 1078

Epochs Completed: 80
Learning Rate:	1e-05
Beta Value:	1.0
FINAL LOSSES-   Reconstruction Loss: 13169.323051948053 	 Latent Loss: 1041.9953038033395	

Reconstruction loss = [17486.80426716 17337.31679035 17234.72356215 17149.94758813
 17077.92346939 17011.61966605 16952.34137291 16890.93923933
 16839.21846011 16791.18274583 16742.73469388 16693.47588126
 16645.85111317 16609.58441558 16565.30194805 16525.80983302
 16483.24025974 16438.0106679  16401.85714286 16356.283859
 16320.97680891 16282.83998145 16242.2012987  16205.37476809
 16170.71428571 16121.0190167  16088.19990724 16050.07560297
 16004.62662338 15970.77365492 15918.62152134 15890.30148423
 15836.80797774 15784.39053803 15765.40398887 15715.58209647
 15675.22820037 15624.77272727 15568.14332096 15531.70663265
 15486.20825603 15433.67115028 15386.43947124 15336.96567718
 15294.60412801 15238.80055659 15197.85435993 15113.94179035
 15091.82258813 15020.9005102  14987.66349722 14919.6187384
 14840.70732839 14805.15746753 14742.82026902 14677.50394249
 14646.28548237 14577.1122449  14520.00974026 14458.06168831
 14386.63821892 14360.39076994 14261.28756957 14216.94828386
 14143.08279221 14074.75533395 14013.60412801 13961.21915584
 13872.04893321 13810.125      13783.97077922 13674.99188312
 13619.6843692  13531.15236549 13486.96474954 13442.51368275
 13359.87778293 13256.50510204 13224.88821892 13169.32305195]


KL divergence loss = [  21.61168686   12.10011351    9.80909336    9.00670458    9.09462306
    9.85997607   10.64129129   11.99087938   13.42385915   14.5938766
   16.21535943   18.34002085   20.30291646   22.18835925   24.78368416
   26.89500594   30.31219788   33.60436808   36.74378461   41.08836985
   44.58042509   48.6244936    54.1544228    58.45426915   63.66032294
   71.41223801   76.42548593   83.20092547   91.82265697   98.57154996
  108.66934753  114.56609281  126.48318646  138.72145321  144.86876739
  155.30218359  166.28237332  180.52458256  195.37075675  206.31683746
  219.42737201  233.66578371  249.09879406  263.09822878  276.98977418
  295.61643379  309.10773713  334.49196284  342.07685674  365.97806992
  377.23624478  400.04447617  424.82806702  439.65123493  461.16617869
  483.23941906  494.17705676  519.67935413  540.79238173  561.86689761
  587.74449212  597.95250174  631.99759392  648.57139958  675.56916744
  701.64778525  724.11865144  742.64204545  777.62697124  798.20192196
  808.44809543  849.7414048   869.05203502  902.15475707  919.39052354
  937.09795339  967.65314819 1005.69889263 1019.85299745 1041.9953038 ]


Training Time: 4.0 minutes and 23.00749158859253 seconds


