				 -------------TRAINING STATS-------------


Dataset Used:	 1078

Epochs Completed: 80
Learning Rate:	1e-05
Beta Value:	1.5
FINAL LOSSES-   Reconstruction Loss: 14407.47379406308 	 Latent Loss: 450.1794483418367	

Reconstruction loss = [17487.26020408 17338.89888683 17237.3390538  17153.5528757
 17082.50649351 17017.35435993 16959.27272727 16899.31679035
 16849.07235622 16802.59230056 16755.88682746 16708.83812616
 16663.55705009 16629.35528757 16587.96985158 16551.21706865
 16512.30797774 16471.10528757 16438.68367347 16398.42949907
 16367.68552876 16334.38172542 16300.51391466 16269.04545455
 16240.96706865 16201.12847866 16175.08812616 16145.317718
 16110.61781076 16085.99118738 16047.41975881 16026.98608534
 15988.65306122 15952.47588126 15940.93784787 15905.77458256
 15879.01159555 15848.08534323 15810.55148423 15789.84369202
 15760.51669759 15728.81122449 15700.6674397  15671.04267161
 15646.63079777 15614.14564007 15591.54499072 15541.0127551
 15528.591141   15488.92486085 15470.0296846  15432.47333024
 15385.54939703 15367.091141   15332.6398423  15295.09670686
 15276.4575603  15238.84809833 15208.34461967 15172.17045455
 15132.20176252 15116.54012059 15059.17602041 15034.00834879
 14991.63868275 14953.51043599 14917.36317254 14886.80589054
 14836.2520872  14796.57977737 14780.70384972 14716.99095547
 14682.32537106 14628.46753247 14603.60969388 14574.49165121
 14523.45941558 14460.34833024 14439.55171614 14407.47379406]


KL divergence loss = [ 31.2126569   15.5049007   11.11286974   9.13321427   8.39124033
   8.45511346   8.50507803   9.02572309   9.66375019   9.92169608
  10.57991552  11.46449724  12.17259565  12.72237995  13.7278285
  14.1984587   15.46801894  16.49932691  17.456586    18.7746496
  19.66912423  20.89011905  22.42663235  23.53449992  24.91029757
  27.15247012  28.04763505  29.80998159  32.29098029  33.7185498
  36.50360368  37.81060032  41.29692211  44.78629769  46.25457662
  48.99192569  51.97613582  55.74488437  59.68632052  62.56053147
  66.19006008  70.27140284  74.82963423  78.74712104  83.19428883
  89.19659345  93.25197668 101.94768959 104.36461293 112.91987114
 116.35772626 124.55366202 133.61189703 139.31282975 147.9816428
 156.91038816 161.45170092 171.61130276 181.37536961 189.93223127
 201.67253087 207.01625188 222.21591996 230.41151873 242.15814152
 256.72075023 267.27231418 276.55302064 295.01525539 306.10683123
 312.72007624 333.86539019 344.99411526 364.78264871 375.26087807
 386.60154076 404.54708517 425.40922861 436.00284816 450.17944834]


Training Time: 4.0 minutes and 49.42065072059631 seconds


