				 -------------TRAINING STATS-------------


Dataset Used:	 1078

Epochs Completed: 80
Learning Rate:	1e-05
Beta Value:	0.5
FINAL LOSSES-   Reconstruction Loss: 11629.064703153988 	 Latent Loss: 1188.7259972170687	

Reconstruction loss = [17485.86734694 17333.94897959 17228.95315399 17141.62894249
 17066.83302412 16997.02272727 16933.87244898 16867.51855288
 16810.4554731  16756.47727273 16701.20361781 16643.25231911
 16586.13961039 16540.73701299 16484.76855288 16433.86502783
 16376.83580705 16315.64378479 16264.66419295 16199.07235622
 16147.32745826 16090.72912801 16027.45732839 15972.20640074
 15917.93367347 15838.59554731 15787.15909091 15726.05705009
 15653.11502783 15596.63636364 15513.58580705 15469.63450835
 15381.83325603 15297.01553803 15265.92694805 15188.13358071
 15122.22727273 15041.87963822 14948.89795918 14894.2203154
 14825.33557514 14744.10760668 14670.14378479 14598.97495362
 14533.33163265 14446.08580705 14389.68274583 14262.07166048
 14234.59577922 14125.5445269  14078.07328386 13980.2437384
 13864.15955473 13816.19944341 13729.10064935 13635.91326531
 13595.49814471 13495.01298701 13421.52643785 13332.89239332
 13236.19828386 13205.66280148 13064.10366419 13006.14448052
 12903.26553803 12812.98910019 12730.83928571 12664.04220779
 12540.18506494 12461.58882189 12433.125      12282.45709647
 12210.86085343 12094.4067718  12037.13242115 11984.73608534
 11874.76553803 11733.20315399 11700.85250464 11629.06470315]


KL divergence loss = [  11.82779185    8.62469811    8.75185733    9.57634354   11.01785828
   13.16567501   15.48789035   18.72962173   22.11312906   25.64083019
   29.78578676   35.17550133   40.54631425   45.99190214   52.65769129
   59.01699744   67.59854947   76.43795657   84.66394654   95.93142502
  104.71166766  114.83272517  127.41123246  137.33582517  148.50264886
  164.62422455  175.02262219  188.0682869   204.11364723  216.35992216
  234.22771481  243.72068138  263.84106853  282.9730476   291.11583952
  307.40798208  322.9937384   342.18695646  363.77795976  376.47725823
  392.86724548  411.1502638   429.58714054  445.84103229  462.02921353
  483.67683934  497.02482897  527.82247217  534.07571892  561.05776032
  572.08192254  596.16657004  624.38474026  637.44132653  658.56619608
  680.88963938  690.13381262  716.92019365  733.84354708  756.28498956
  780.43155728  788.44897959  823.20289309  837.14355288  864.60659207
  885.58112535  907.38442138  923.94142799  956.37299977  975.16045339
  981.86746289 1021.72417092 1039.20524119 1067.95115376 1082.92381725
 1097.49942022 1124.70263219 1161.64120478 1170.86670918 1188.72599722]


Training Time: 4.0 minutes and 50.68688631057739 seconds


