				 -------------TRAINING STATS-------------


Dataset Used:	 1078

Epochs Completed: 80
Learning Rate:	1e-05
Beta Value:	2.0
FINAL LOSSES-   Reconstruction Loss: 14898.313775510203 	 Latent Loss: 142.61790135088125	

Reconstruction loss = [17487.55380334 17339.82374768 17238.7796846  17155.44480519
 17084.82513915 17020.14378479 16962.5296846  16903.10899814
 16853.38358071 16807.4025974  16761.24860853 16714.89146568
 16670.30194805 16636.60157699 16596.0190167  16559.92949907
 16521.98376623 16481.76948052 16450.1906308  16411.21335807
 16381.53339518 16349.18460111 16316.84786642 16286.35760668
 16259.6757885  16221.92439703 16197.1312616  16168.9893321
 16136.49489796 16113.58487941 16077.96011132 16059.00788497
 16023.92717996 15991.44109462 15981.3325603  15949.14935065
 15924.98423006 15898.51391466 15864.79823748 15847.68367347
 15822.01623377 15795.53432282 15771.49814471 15747.38079777
 15727.10992579 15700.35528757 15683.31957328 15642.11270872
 15632.88172542 15601.69944341 15587.0445269  15559.49768089
 15522.52226345 15510.05519481 15485.91349722 15458.6291744
 15445.16048237 15417.70106679 15399.44758813 15373.35296846
 15346.78525046 15337.03362709 15297.36340445 15281.18668831
 15251.8770872  15229.7309833  15205.90027829 15186.95779221
 15155.75997217 15130.13891466 15121.98005566 15081.51205937
 15059.13868275 15027.92416512 15012.65769944 14996.01716141
 14965.89842301 14926.29591837 14915.67903525 14898.31377551]


KL divergence loss = [ 40.75191281  18.98723131  12.73030274   9.82553004   8.51884027
   8.1963903    7.87181723   8.01567052   8.33870911   8.25849781
   8.557826     9.02763998   9.3307109    9.47552728  10.02083507
  10.03081336  10.70526406  11.13170028  11.53994304  12.09279563
  12.31335223  12.90730288  13.41882075  13.84399595  14.35086994
  15.28747377  15.2946655   15.97173132  17.04289854  17.29882586
  18.36050058  18.6974237   20.03691732  21.29556189  21.57967772
  22.42026929  23.33371351  24.4435469   25.50717565  26.15359027
  27.25458885  28.42478702  29.77948847  30.56520819  31.99316587
  33.73041258  34.50132805  37.38676767  37.69656989  40.31103153
  40.58995246  42.88256881  45.58186366  46.86375141  49.30211474
  51.62031377  52.57073103  55.61280293  57.96518618  60.10087764
  63.54300046  64.76825574  69.24820631  71.45329531  74.86056173
  79.31641712  82.07553231  84.53734129  90.2398847   93.68426593
  95.43225483 102.70457263 106.50025365 113.56093098 117.03193124
 120.4102414  126.04476244 133.72223229 137.38746884 142.61790135]


Training Time: 4.0 minutes and 1.2683734893798828 seconds


