				 -------------TRAINING STATS-------------


Dataset Used:	 1078

Epochs Completed: 80
Learning Rate:	1e-05
Beta Value:	0.75
FINAL LOSSES-   Reconstruction Loss: 12342.604359925788 	 Latent Loss: 1262.1352910482374	

Reconstruction loss = [17486.40445269 17335.90862709 17232.37059369 17146.64332096
 17073.62012987 17006.08024119 16945.4619666  16882.36502783
 16828.82513915 16778.78525046 16728.04128015 16675.83951763
 16624.98794063 16585.61595547 16537.22634508 16493.66697588
 16445.84137291 16394.70825603 16352.94526902 16299.67625232
 16257.79777365 16212.22727273 16162.16001855 16117.43970315
 16074.04684601 16011.21985158 15969.74304267 15920.96150278
 15862.54777365 15817.53339518 15750.33487941 15713.72263451
 15643.34508349 15574.60482375 15548.13798701 15483.66465677
 15429.37012987 15362.83789425 15287.04104824 15239.44503711
 15180.89842301 15112.2288961  15049.69503711 14987.58325603
 14931.41512059 14857.74953618 14806.91256957 14698.99025974
 14672.38381262 14579.50255102 14537.39958256 14451.89958256
 14352.14448052 14308.14053803 14231.17207792 14149.28826531
 14112.17300557 14024.50695733 13956.63682746 13879.47634508
 13792.8538961  13763.3770872  13639.96776438 13586.85482375
 13496.19990724 13413.90978664 13340.68205009 13279.30797774
 13169.70570501 13098.6377551  13069.63149351 12936.81307978
 12871.87987013 12766.82142857 12714.05844156 12664.69202226
 12565.86711503 12441.48167904 12408.10320037 12342.60435993]


KL divergence loss = [  16.7875732    10.47404092    9.37218083    9.32485175   10.01429853
   11.3696006    12.79951548   14.94323889   17.19450262   19.34910026
   22.02732246   25.55086505   28.97907955   32.44788572   36.92268488
   41.02911388   46.97715768   53.0159466    58.80034551   66.76058456
   73.24601041   80.70215568   90.473785     98.30017248  107.46515719
  120.67553666  129.55679282  140.93162613  154.9783272   166.15708343
  182.24315863  191.55453531  210.02851418  228.33699559  237.43732969
  253.14013219  268.90735882  288.63302992  309.96750348  324.29752
  341.75112332  361.00826183  380.97338822  398.99245565  416.77984404
  440.22570733  456.21716286  488.73872333  497.2197936   526.71764842
  539.75143495  566.86412917  597.37829024  613.57119666  637.99110042
  663.54670107  675.03655496  705.04126565  726.53688833  751.28797542
  779.76390016  789.93613752  828.98667962  846.28870014  877.20516872
  903.60328734  928.37763799  948.16610622  985.9367173  1007.86917324
 1017.22388103 1062.95005218 1083.44958836 1117.99811572 1135.8588532
 1153.59679383 1185.71530032 1227.47399699 1240.17471591 1262.13529105]


Training Time: 4.0 minutes and 37.30661368370056 seconds


