				 -------------TRAINING STATS-------------


Dataset Used:	 1078

Epochs Completed: 80
Learning Rate:	1e-05
Beta Value:	1.25
FINAL LOSSES-   Reconstruction Loss: 13888.981447124304 	 Latent Loss: 728.7244753014843	

Reconstruction loss = [17487.07235622 17338.25927644 17236.28664193 17152.11270872
 17080.69016698 17015.1038961  16956.57699443 16896.0932282
 16845.32235622 16798.30055659 16750.99536178 16703.18923933
 16657.11827458 16622.26298701 16579.92671614 16542.30473098
 16502.21846011 16459.74257885 16426.16836735 16384.24304267
 16352.07606679 16317.33951763 16281.37615955 16248.33858998
 16218.23886827 16175.37987013 16147.30194805 16115.00231911
 16076.96846011 16049.54545455 16006.64146568 15983.71846011
 15940.55241187 15898.96382189 15885.01020408 15845.06818182
 15813.98005566 15776.26530612 15732.51113173 15706.16512059
 15671.15909091 15631.85899814 15596.97866419 15559.64007421
 15528.7288961  15487.62453618 15457.55310761 15394.18506494
 15377.63474026 15325.94596475 15301.16512059 15250.908859
 15191.08348794 15165.22634508 15118.54336735 15069.13821892
 15044.75649351 14994.14958256 14951.00440631 14903.52991651
 14849.40004638 14828.25742115 14752.53641002 14718.48585343
 14662.13172542 14609.57096475 14561.71892393 14520.42625232
 14452.06725417 14401.30589054 14379.7203154  14295.21683673
 14250.43668831 14179.88033395 14145.87940631 14108.06447124
 14041.87430427 13959.77156772 13932.71243043 13888.98144712]


KL divergence loss = [ 26.41294915  13.76591127  10.37810271   8.93930048   8.56121067
   8.91408696   9.26061196  10.1045282   11.04021888  11.63370028
  12.64341269  13.97018925  15.11970387  16.12978588  17.67823443
  18.69979037  20.69150318  22.47109447  24.14150644  26.45252801
  28.20208004  30.3202817   33.18037055  35.30331053  37.91454535
  41.97348334  44.20515422  47.60026887  52.13262407  55.32854624
  60.59503095  63.46262429  69.89963691  76.53007414  79.72187899
  85.24440334  91.20535171  98.89387357 106.93891321 113.00460017
 120.33007812 128.47279032 137.47164526 145.61983273 154.05951415
 165.51441109 173.799147   189.66817167 194.55802847 210.02415497
 217.23793701 232.22160178 248.44013799 258.75813138 273.86862245
 289.29074385 297.28496058 314.76042875 330.93536207 345.71780786
 364.78646075 373.18310819 397.82537106 410.70786468 430.06132595
 451.51613231 468.41890364 482.86991245 510.43484752 526.82148655
 536.12498551 567.68320965 583.46218402 610.83980751 625.34705473
 640.96064761 666.15237999 696.10278003 709.53423585 728.7244753 ]


Training Time: 4.0 minutes and 36.079148292541504 seconds


