				 -------------TRAINING STATS-------------


Dataset Used:	 13313

Epochs Completed: 80
Learning Rate:	1e-05
Beta Value:	1.5
FINAL LOSSES-   Reconstruction Loss: 7250.816711109442 	 Latent Loss: 209.90065719362656	

Reconstruction loss = [11853.6926876  11617.09599639 11458.54178247 11327.30261774
 11212.01089161 11107.63130023 11010.74064824 10920.41457598
 10835.07795012 10753.90248254 10676.09614662 10601.44691279
 10529.82710509 10460.48537144 10393.12549763 10327.59368662
 10264.02114475 10201.98315556 10141.62696237 10081.91679186
 10024.9015436   9967.74258244  9912.4823293   9857.30500263
  9803.77210246  9750.94047172  9698.84043792  9647.54463682
  9597.58337715  9546.89696162  9498.05492751  9448.98614137
  9400.88860512  9353.44736348  9306.27097574  9259.10675655
  9212.80361301  9167.0840344   9121.44418989  9075.32905806
  9030.51228123  8985.9429505   8940.48043266  8895.79238338
  8851.92439721  8807.97680838  8763.21390746  8720.16082025
  8675.19879066  8631.45795463  8587.63868024  8543.63383535
  8499.78475926  8455.77706002  8411.07967776  8367.58041013
  8322.73843236  8279.3866897   8234.24810336  8190.22511831
  8144.483118    8100.07617554  8054.75926726  8009.6293097
  7966.05337828  7916.48012281  7873.52530421  7827.44895027
  7780.54528468  7733.34570533  7685.08140539  7636.39001352
  7589.39778788  7541.31615714  7492.1496094   7444.16114888
  7397.38277436  7349.0514253   7299.31334034  7250.81671111]


KL divergence loss = [4.34725513e+00 3.10074690e+00 2.38041596e+00 1.87871711e+00
 1.50215147e+00 1.20774256e+00 9.72031982e-01 7.80821938e-01
 6.25816662e-01 4.99884448e-01 4.00240189e-01 3.23091592e-01
 2.66037579e-01 2.26737421e-01 2.08158034e-01 2.08352395e-01
 2.28959598e-01 2.70064992e-01 3.33457024e-01 4.20144987e-01
 5.34582223e-01 6.72117082e-01 8.44826489e-01 1.04351552e+00
 1.28676875e+00 1.56458432e+00 1.88767111e+00 2.25776552e+00
 2.68645506e+00 3.15378496e+00 3.69595197e+00 4.28755835e+00
 4.94332898e+00 5.68887885e+00 6.47740314e+00 7.37184628e+00
 8.32270983e+00 9.38729546e+00 1.05188814e+01 1.17277322e+01
 1.30998114e+01 1.45432746e+01 1.60973530e+01 1.77667107e+01
 1.96086440e+01 2.15125027e+01 2.35427783e+01 2.58033045e+01
 2.80764549e+01 3.05714866e+01 3.31693267e+01 3.58917582e+01
 3.88743967e+01 4.19418423e+01 4.52089090e+01 4.87326667e+01
 5.23660044e+01 5.62473958e+01 6.01915150e+01 6.44515704e+01
 6.90180972e+01 7.35528704e+01 7.87013752e+01 8.37322378e+01
 8.92112082e+01 9.48070209e+01 1.01334389e+02 1.07175722e+02
 1.13629033e+02 1.21314016e+02 1.28707803e+02 1.37236202e+02
 1.45334410e+02 1.53847517e+02 1.63206441e+02 1.72948199e+02
 1.82464128e+02 1.90250175e+02 1.99962053e+02 2.09900657e+02]


Training Time: 51.0 minutes and 48.201894998550415 seconds


