				 -------------TRAINING STATS-------------


Dataset Used:	 13313

Epochs Completed: 80
Learning Rate:	1e-05
Beta Value:	0.5
FINAL LOSSES-   Reconstruction Loss: 6409.016684819349 	 Latent Loss: 556.6640472423571	

Reconstruction loss = [11853.66994667 11617.03363254 11458.46050853 11327.21865845
 11211.93658454 11107.57503944 11010.70044318 10920.38717795
 10835.05994141 10753.87780741 10676.04602644 10601.3357057
 10529.65971231 10460.18756103 10392.66215353 10326.87591076
 10263.01179298 10200.58600616 10139.75845039 10079.43254713
 10021.77587696  9963.79054308  9907.58978067  9851.31322767
  9796.45500638  9742.16765567  9688.38659581  9635.16311124
  9582.80368812  9529.79155712  9478.19648088  9425.45848043
  9373.73370014  9321.23623526  9267.61785473  9211.11988282
  9148.31071133  9074.0962593   8963.33594982  8815.99042289
  8635.62217382  8482.12585443  8377.94937279  8302.19332607
  8226.10824946  8158.01041275  8091.76434688  8018.35470029
  7942.95763539  7885.59408097  7824.92771164  7760.92214377
  7689.05131263  7641.95925036  7571.11433373  7501.66507361
  7448.94354203  7412.109179    7337.20633967  7287.03351048
  7236.19392699  7203.88311237  7139.10597724  7093.72980358
  7039.07356531  6968.77907872  6940.31852325  6896.5285717
  6852.14556261  6799.32270149  6759.10206189  6715.89174116
  6672.79232705  6644.42867874  6584.27344513  6545.4766206
  6529.37240855  6492.19115714  6428.78299407  6409.01668482]


KL divergence loss = [1.62083690e+00 1.34572968e+00 1.16002202e+00 1.01758967e+00
 9.02259285e-01 8.06167261e-01 7.24221427e-01 6.55887121e-01
 6.00655599e-01 5.56877944e-01 5.26837974e-01 5.10727932e-01
 5.09417525e-01 5.23483543e-01 5.57074955e-01 6.13361599e-01
 6.94776406e-01 8.03466149e-01 9.42044029e-01 1.11483160e+00
 1.32407879e+00 1.56663748e+00 1.85317077e+00 2.18075862e+00
 2.56503614e+00 2.99687229e+00 3.48985470e+00 4.05364736e+00
 4.71083199e+00 5.44203699e+00 6.31106879e+00 7.32479357e+00
 8.56110699e+00 1.01530748e+01 1.22923233e+01 1.56511659e+01
 2.14224114e+01 3.34281869e+01 6.12752683e+01 1.16679767e+02
 2.00929518e+02 2.73042900e+02 3.14249929e+02 3.30921307e+02
 3.44102615e+02 3.57260446e+02 3.66205520e+02 3.77951275e+02
 3.87736529e+02 4.03374484e+02 4.09488749e+02 4.19799895e+02
 4.31419451e+02 4.37577380e+02 4.44214681e+02 4.55776640e+02
 4.62025900e+02 4.68481948e+02 4.75480117e+02 4.84024435e+02
 4.88073582e+02 4.90550846e+02 4.98255937e+02 5.05891408e+02
 5.10438522e+02 5.16952928e+02 5.25051793e+02 5.24945227e+02
 5.29288597e+02 5.34246035e+02 5.37343779e+02 5.40306654e+02
 5.46056311e+02 5.45197355e+02 5.49082941e+02 5.55061871e+02
 5.53101978e+02 5.55403896e+02 5.58766661e+02 5.56664047e+02]


Training Time: 74.0 minutes and 21.207503080368042 seconds


