				 -------------TRAINING STATS-------------


Dataset Used:	 13313

Epochs Completed: 80
Learning Rate:	1e-05
Beta Value:	1.0
FINAL LOSSES-   Reconstruction Loss: 6972.282130248629 	 Latent Loss: 343.54463153966054	

Reconstruction loss = [11853.68421843 11617.07522722 11458.51855329 11327.28389544
 11212.00195298 11107.63507474 11010.75726733 10920.44338241
 10835.11817397 10753.95018027 10676.14613536 10601.48939007
 10529.86212724 10460.49402839 10393.09693533 10327.50379328
 10263.85709457 10201.71687448 10141.23221663 10081.34909487
 10024.14083978  9966.73201007  9911.17787125  9855.65306467
  9801.69417111  9748.37671825  9695.73086457  9643.79446781
  9593.08433486  9541.61372343  9491.88787276  9441.7861301
  9392.64388192  9343.97840457  9295.50137084  9246.9092804
  9199.05117179  9151.76261924  9104.19550439  9056.20731616
  9009.28010216  8962.37782618  8914.49509878  8866.99697664
  8820.11533839  8773.14159093  8724.55304965  8677.32830692
  8627.16679186  8577.97318411  8527.21676181  8473.93979569
  8416.0907196   8353.64320589  8276.13853001  8189.26528581
  8093.4172801   8026.27289116  7950.46594494  7889.91807819
  7836.61213663  7799.92320476  7743.22642342  7696.72543754
  7644.47344701  7585.01672238  7544.5702321   7506.58108616
  7459.00220649  7403.952706    7358.38614512  7311.94232142
  7273.17410614  7232.90125254  7180.77535116  7138.04168858
  7105.31265492  7067.50818749  7009.92543942  6972.28213025]


KL divergence loss = [3.03056184e+00 2.28625789e+00 1.82861605e+00 1.49676649e+00
 1.23889548e+00 1.03064264e+00 8.58007233e-01 7.13943956e-01
 5.94087427e-01 4.94020046e-01 4.13380357e-01 3.50363429e-01
 3.04070008e-01 2.73581574e-01 2.62409762e-01 2.70924959e-01
 3.01556344e-01 3.55514966e-01 4.35630934e-01 5.44959933e-01
 6.87666417e-01 8.61084050e-01 1.07706148e+00 1.32993011e+00
 1.63694918e+00 1.98913110e+00 2.39817090e+00 2.86709451e+00
 3.40838911e+00 4.00002394e+00 4.67946958e+00 5.42059367e+00
 6.24102629e+00 7.16411572e+00 8.14060740e+00 9.24035834e+00
 1.04055752e+01 1.17029539e+01 1.30883139e+01 1.45627758e+01
 1.62308692e+01 1.79973609e+01 1.99175024e+01 2.20063418e+01
 2.43738227e+01 2.68657857e+01 2.96655852e+01 3.29770970e+01
 3.66683039e+01 4.11435704e+01 4.63152384e+01 5.31636489e+01
 6.30114991e+01 7.68787755e+01 9.92000569e+01 1.32540310e+02
 1.73345797e+02 2.03086548e+02 2.23952982e+02 2.41998379e+02
 2.50064272e+02 2.51043073e+02 2.59465150e+02 2.65822765e+02
 2.73030172e+02 2.80525885e+02 2.90415984e+02 2.87151970e+02
 2.92972540e+02 3.02243416e+02 3.07442263e+02 3.13481691e+02
 3.16085102e+02 3.17713299e+02 3.24102908e+02 3.29371912e+02
 3.31468526e+02 3.31679121e+02 3.38357464e+02 3.43544632e+02]


Training Time: 49.0 minutes and 58.437885999679565 seconds


