				 -------------TRAINING STATS-------------


Dataset Used:	 13313

Epochs Completed: 80
Learning Rate:	1e-05
Beta Value:	2.0
FINAL LOSSES-   Reconstruction Loss: 7429.72544693157 	 Latent Loss: 144.64333176453462	

Reconstruction loss = [11853.69854653 11617.10916022 11458.55417637 11327.30939683
 11212.00933298 11107.61903778 11010.7182641  10920.3830842
 10835.03874033 10753.85814617 10676.050984   10601.40757155
 10529.79375423 10460.46954105 10393.13400436 10327.63920604
 10264.11280327 10202.13629535 10141.85617442 10082.24545557
 10025.34364906  9968.32768722  9913.23527755  9858.25392474
  9804.96208593  9752.40922407  9700.61509427  9649.68605874
  9600.14555322  9549.92124239  9501.6005596   9453.12373244
  9405.65390971  9358.95081875  9312.55744385  9266.29024262
  9220.92584316  9176.21771952  9131.73422594  9086.84701044
  9043.36456847  9000.24267633  8956.34881319  8913.31595057
  8871.24539923  8829.0788515   8786.41352437  8745.43585217
  8702.77598963  8661.41309247  8620.04050552  8578.62375122
  8537.63486817  8496.51973635  8455.11449335  8414.69332607
  8373.35380831  8333.20819875  8291.92539247  8251.5341959
  8210.36300984  8169.48330579  8128.78965109  8087.88238
  8048.84348945  8005.13144107  7966.76400886  7925.57254188
  7884.09786487  7843.95981372  7802.07473898  7760.58232555
  7719.68680989  7678.32345264  7637.07105836  7596.90707391
  7555.58752723  7512.64664238  7472.12704687  7429.72544693]


KL divergence loss = [  5.61046615   3.84901266   2.87296001   2.21221283   1.72855179
   1.35930143   1.07121315   0.84256322   0.66107377   0.51695599
   0.40509043   0.31980018   0.25738997   0.21416888   0.19285154
   0.18963797   0.20552115   0.23985975   0.29357463   0.36607544
   0.46187402   0.57438368   0.7157218    0.87385763   1.06763779
   1.28553837   1.53665353   1.82142725   2.14949266   2.50174448
   2.9116147    3.35410768   3.84120208   4.39683404   4.97845175
   5.64122586   6.34189268   7.12999176   7.96257502   8.85196714
   9.87187393  10.94250264  12.09870068  13.34503065  14.72284424
  16.14882492  17.66901621  19.37198478  21.08098093  22.9672703
  24.94736084  27.02178065  29.30019306  31.65556084  34.15219469
  36.83602853  39.59557703  42.55173625  45.55595777  48.7571386
  52.17439779  55.61069787  59.43737831  63.21687258  67.20842087
  71.19120819  75.67152202  79.84843454  84.30184826  89.34707132
  94.1096979   99.2629935  104.36647171 109.73947164 115.38661958
 121.06532281 126.73874734 132.30633474 138.69381725 144.64333176]


Training Time: 54.0 minutes and 13.145164489746094 seconds


