				 -------------TRAINING STATS-------------


Dataset Used:	 13313

Epochs Completed: 80
Learning Rate:	1e-05
Beta Value:	1.25
FINAL LOSSES-   Reconstruction Loss: 7117.043021858332 	 Latent Loss: 275.9104068274432	

Reconstruction loss = [11853.68865019 11617.08702021 11458.53231804 11327.29593255
 11212.00876962 11107.63520619 11010.75045069 10920.43050026
 10835.09896342 10753.92683843 10676.1215729  10601.46924059
 10529.84610907 10460.49292045 10393.11704725 10327.55937805
 10263.95504394 10201.87375122 10141.46353189 10081.6805566
 10024.58364005  9967.31981897  9911.93588973  9856.61222114
  9802.89985353  9749.86160144  9697.5305904   9645.96105311
  9595.68202133  9544.65548712  9495.42948622  9445.91761812
  9397.36212724  9349.38441749  9301.63928115  9253.84088861
  9206.86008037  9160.43801172  9113.96649891  9067.01397131
  9021.27486292  8975.70207692  8929.18801172  8883.33880418
  8838.24074213  8793.08247578  8746.87226771  8702.37320664
  8655.7733794   8610.41399384  8564.85529182  8518.99722076
  8472.96653647  8426.81649516  8379.21217982  8332.89643581
  8284.3814129   8238.07733043  8187.83980883  8138.37677458
  8085.00282618  8033.86565763  7977.26633741  7920.39239841
  7859.70443364  7790.32707692  7732.25158679  7679.8029182
  7625.57540562  7568.72395403  7518.20350409  7468.26379291
  7427.62035229  7383.98499587  7335.1248216   7290.69012431
  7252.1791482   7211.69647149  7159.82008187  7117.04302186]


KL divergence loss = [3.69727552e+00 2.70407439e+00 2.11405023e+00 1.69558136e+00
 1.37649306e+00 1.12329172e+00 9.17304005e-01 7.47971662e-01
 6.08976597e-01 4.94536700e-01 4.03063442e-01 3.31741793e-01
 2.78891254e-01 2.42867776e-01 2.26860135e-01 2.29997984e-01
 2.54294282e-01 3.00338472e-01 3.70425397e-01 4.66532497e-01
 5.93050634e-01 7.46384021e-01 9.38573643e-01 1.16216778e+00
 1.43535314e+00 1.74885427e+00 2.11408185e+00 2.53348894e+00
 3.01936105e+00 3.55097238e+00 4.16530033e+00 4.83659999e+00
 5.58101266e+00 6.42345731e+00 7.31532983e+00 8.32284610e+00
 9.39246751e+00 1.05855298e+01 1.18546235e+01 1.32063292e+01
 1.47333928e+01 1.63393103e+01 1.80655270e+01 1.99184491e+01
 2.19670736e+01 2.40815166e+01 2.63487506e+01 2.88804277e+01
 3.14458555e+01 3.42737689e+01 3.72126739e+01 4.03405013e+01
 4.38148013e+01 4.74245587e+01 5.14204868e+01 5.58966111e+01
 6.07803199e+01 6.61766523e+01 7.20523967e+01 7.92751694e+01
 8.78496025e+01 9.72169035e+01 1.09484332e+02 1.23140734e+02
 1.40495985e+02 1.60088261e+02 1.81888635e+02 1.92907885e+02
 2.05206932e+02 2.18658418e+02 2.27831600e+02 2.37217244e+02
 2.40951151e+02 2.44550809e+02 2.51070832e+02 2.57201763e+02
 2.61484232e+02 2.62590530e+02 2.69131340e+02 2.75910407e+02]


Training Time: 54.0 minutes and 26.37653613090515 seconds


