				 -------------TRAINING STATS-------------


Dataset Used:	 27499

Epochs Completed: 80
Learning Rate:	1e-05
Beta Value:	0.5
FINAL LOSSES-   Reconstruction Loss: 3582.306972526274 	 Latent Loss: 349.26046600558215	

Reconstruction loss = [8916.36099495 8655.11910433 8478.4937725  8331.6086585  8201.792547
 8083.64175061 7974.3889096  7871.74380432 7774.76137314 7682.3791547
 7593.76350958 7508.46996254 7426.25304557 7346.15549202 7268.2762055
 7192.1666197  7117.84945362 7044.65891942 6972.62996836 6901.76344594
 6831.06441143 6761.4933543  6692.27600095 6622.86815884 6552.2506773
 6480.32214353 6397.65601931 6289.54821994 6109.83612131 5886.35629023
 5728.64814175 5624.28508309 5542.20048911 5465.84646714 5384.88061839
 5319.41516055 5242.68077476 5185.27676006 5106.60331285 5049.71418961
 4990.18172479 4925.27704189 4869.15541929 4812.60305829 4765.89120059
 4720.63410033 4674.30559293 4620.32190716 4576.75245009 4529.5880532
 4479.53909688 4437.14396887 4394.72043074 4348.85261737 4318.65147824
 4270.57377996 4233.68318848 4200.93591131 4171.37633187 4147.52958062
 4099.25203189 4064.46280092 4033.97792874 4009.83992145 3970.5332603
 3950.38308211 3916.94517528 3880.92384723 3864.57370268 3829.42409497
 3802.68076794 3780.38291392 3752.47834921 3721.87054984 3700.87875923
 3677.52734418 3659.16875841 3633.69408206 3604.48183343 3582.30697253]


KL divergence loss = [1.34777747e+00 9.49354826e-01 7.07531119e-01 5.28771636e-01
 3.89998618e-01 2.79567370e-01 1.95202538e-01 1.38153327e-01
 1.14273779e-01 1.31723144e-01 1.98421794e-01 3.26803984e-01
 5.28890390e-01 8.16942411e-01 1.20194177e+00 1.69066208e+00
 2.29068186e+00 3.01544184e+00 3.86407962e+00 4.85893006e+00
 6.01509779e+00 7.38078145e+00 9.00364632e+00 1.10024723e+01
 1.36216199e+01 1.75657609e+01 2.52321214e+01 4.59166568e+01
 1.06387834e+02 2.15803093e+02 2.87857036e+02 3.14337882e+02
 3.28832402e+02 3.35859162e+02 3.47252127e+02 3.53100252e+02
 3.58756508e+02 3.63578608e+02 3.70391934e+02 3.75866189e+02
 3.78593623e+02 3.83830871e+02 3.88452793e+02 3.90751248e+02
 3.88899911e+02 3.90419327e+02 3.91789573e+02 3.93755431e+02
 3.93171886e+02 3.93781740e+02 3.97785394e+02 3.97557301e+02
 3.96972904e+02 3.98071652e+02 3.95410089e+02 3.95597933e+02
 3.96356558e+02 3.93481617e+02 3.91287813e+02 3.87054114e+02
 3.89818483e+02 3.88244353e+02 3.87244694e+02 3.82587535e+02
 3.82588044e+02 3.78587549e+02 3.77201415e+02 3.76322658e+02
 3.73196823e+02 3.71676562e+02 3.69341325e+02 3.67771163e+02
 3.65699864e+02 3.64530703e+02 3.62154876e+02 3.58575916e+02
 3.54759298e+02 3.51742228e+02 3.50602848e+02 3.49260466e+02]


Training Time: 91.0 minutes and 8.71633529663086 seconds


