				 -------------TRAINING STATS-------------


Dataset Used:	 27499

Epochs Completed: 80
Learning Rate:	1e-05
Beta Value:	1.0
FINAL LOSSES-   Reconstruction Loss: 3656.0148255391105 	 Latent Loss: 328.4037161010402	

Reconstruction loss = [8916.36241318 8655.11908615 8478.46976254 8331.54494709 8201.6816066
 8083.48624041 7974.19807084 7871.54766537 7774.60228554 7682.3276301
 7593.89766901 7508.91846976 7427.1681152  7347.73027656 7270.69501164
 7195.67468817 7122.64312793 7051.00819575 6980.76509146 6911.99201789
 6843.70600749 6777.0114686  6711.18842049 6645.87879559 6580.55582476
 6517.03509673 6452.51240045 6389.22500364 6326.26699153 6263.03956508
 6199.95188007 6136.87308629 6074.59889905 6011.50347285 5947.31758428
 5883.2009664  5818.05461562 5751.99746809 5681.1817157  5608.51796429
 5527.94991636 5436.32230717 5343.20486199 5256.9401251  5183.6093267
 5125.39969181 5069.66975163 5009.72671279 4953.66868341 4898.86591331
 4845.00501382 4792.51239136 4740.24574075 4684.76006855 4640.49418615
 4586.57550729 4539.21974435 4492.70855304 4450.29172424 4411.73557675
 4363.75940489 4319.99634078 4276.95099822 4237.70384378 4192.47703098
 4156.49098149 4117.43557038 4071.30915442 4038.12269992 3999.68632496
 3962.19839585 3927.95474608 3891.52921924 3855.89630077 3821.40566702
 3786.28966508 3754.29291065 3720.80927943 3686.62361813 3656.01482554]


KL divergence loss = [2.43644505e+00 1.49851150e+00 1.00779168e+00 6.84102276e-01
 4.58477459e-01 2.96950320e-01 1.86058192e-01 1.19205970e-01
 9.58307902e-02 1.18820344e-01 1.91755178e-01 3.24043381e-01
 5.25733812e-01 8.08440270e-01 1.18592215e+00 1.66885107e+00
 2.26912089e+00 3.00551066e+00 3.87862218e+00 4.90925339e+00
 6.10787875e+00 7.49643292e+00 9.07436433e+00 1.08478845e+01
 1.28328507e+01 1.50357171e+01 1.74866353e+01 2.02002708e+01
 2.31608654e+01 2.64250639e+01 2.99765834e+01 3.38227232e+01
 3.81125586e+01 4.27297442e+01 4.79394685e+01 5.38133990e+01
 6.05811608e+01 6.87137562e+01 7.91740492e+01 9.34958438e+01
 1.13273127e+02 1.42625786e+02 1.76794733e+02 2.05584513e+02
 2.23623573e+02 2.33245085e+02 2.37392505e+02 2.44299984e+02
 2.49724670e+02 2.55084722e+02 2.60506101e+02 2.64056085e+02
 2.69552241e+02 2.75092441e+02 2.77173520e+02 2.82160553e+02
 2.86490560e+02 2.88952429e+02 2.90452915e+02 2.90643121e+02
 2.93123918e+02 2.95146885e+02 2.98699977e+02 2.98936874e+02
 3.02400997e+02 3.04096833e+02 3.04737696e+02 3.08649134e+02
 3.09948054e+02 3.11054362e+02 3.12297217e+02 3.14647546e+02
 3.15079340e+02 3.17124351e+02 3.19338125e+02 3.21282383e+02
 3.22608821e+02 3.23895346e+02 3.25786071e+02 3.28403716e+02]


Training Time: 81.0 minutes and 44.570744037628174 seconds


