				 -------------TRAINING STATS-------------


Dataset Used:	 27499

Epochs Completed: 80
Learning Rate:	1e-05
Beta Value:	0.75
FINAL LOSSES-   Reconstruction Loss: 3635.084109876723 	 Latent Loss: 326.34110331284774	

Reconstruction loss = [8916.36198589 8655.12049529 8478.48249936 8331.57449362 8201.72956744
 8083.54989272 7974.27130077 7871.61648605 7774.64763719 7682.319948
 7593.80264737 7508.68307484 7426.72805375 7347.0046729  7269.59959908
 7194.10533565 7120.50234099 7048.17471544 6977.13333667 6907.42680643
 6838.07984836 6770.17029256 6702.99747718 6636.21230772 6569.26236409
 6503.91442871 6437.15414197 6371.444998   6305.54476072 6238.60314011
 6170.36844067 6098.74439071 6020.95834849 5924.06565693 5791.89063693
 5646.14690989 5527.64483254 5453.46584876 5371.70279828 5309.92006528
 5247.41088767 5179.43646587 5119.41662879 5058.64095058 5003.68116568
 4954.93828412 4903.92687007 4846.00843667 4795.4698489  4743.93507037
 4691.86655424 4643.53604222 4594.69392978 4543.30252918 4505.93525674
 4453.61567693 4411.33131205 4370.7347449  4334.4113786  4303.45974399
 4254.82330267 4214.60233099 4176.60057638 4144.70469381 4101.93162024
 4073.20709844 4037.37537956 3994.51747564 3970.37136123 3932.99291338
 3901.03978554 3872.3376441  3840.34960135 3806.6091267  3777.67051984
 3747.59338294 3722.90431243 3693.75049775 3661.64424843 3635.08410988]


KL divergence loss = [1.90911026e+00 1.24203960e+00 8.70517779e-01 6.13656778e-01
 4.26464920e-01 2.86514376e-01 1.86148610e-01 1.22761403e-01
 9.89739809e-02 1.20248895e-01 1.92508815e-01 3.27090880e-01
 5.35838811e-01 8.32020300e-01 1.22955801e+00 1.73859346e+00
 2.36982183e+00 3.13948146e+00 4.04623846e+00 5.10922623e+00
 6.33518980e+00 7.74737828e+00 9.34753068e+00 1.11441687e+01
 1.31557457e+01 1.54033914e+01 1.79451714e+01 2.08605450e+01
 2.41969478e+01 2.82254191e+01 3.32635231e+01 4.02506257e+01
 5.21394800e+01 7.56196422e+01 1.25559740e+02 1.95119046e+02
 2.43106695e+02 2.60906708e+02 2.73716813e+02 2.82206255e+02
 2.86510190e+02 2.94717039e+02 3.01059478e+02 3.05905426e+02
 3.07667217e+02 3.10177702e+02 3.11781739e+02 3.16442422e+02
 3.18616537e+02 3.21478141e+02 3.26055282e+02 3.27510486e+02
 3.30516959e+02 3.33700364e+02 3.32659564e+02 3.35704230e+02
 3.37874156e+02 3.37387306e+02 3.36530121e+02 3.33579372e+02
 3.36424327e+02 3.36638594e+02 3.38373210e+02 3.35074195e+02
 3.36945484e+02 3.35362027e+02 3.34214415e+02 3.36306436e+02
 3.34113328e+02 3.33798163e+02 3.32574961e+02 3.32685123e+02
 3.30832340e+02 3.31487873e+02 3.31437236e+02 3.30224619e+02
 3.27754396e+02 3.25966085e+02 3.25888179e+02 3.26341103e+02]


Training Time: 81.0 minutes and 40.35679745674133 seconds


