				 -------------TRAINING STATS-------------


Dataset Used:	 27499

Epochs Completed: 80
Learning Rate:	1e-05
Beta Value:	1.25
FINAL LOSSES-   Reconstruction Loss: 3662.603935597658 	 Latent Loss: 367.63371395323463	

Reconstruction loss = [8916.36251318 8655.11691334 8478.45792574 8331.52050075 8201.64460071
 8083.44042056 7974.14916906 7871.50776392 7774.58604404 7682.35773119
 7594.00050002 7509.13316393 7427.54253791 7348.3238936  7271.5739936
 7196.91763791 7124.33210753 7053.24266337 6983.63521401 6915.61659515
 6848.20062093 6782.5012455  6717.78570584 6653.69951635 6589.73026746
 6527.68749773 6464.8513355  6403.32945289 6342.25884123 6281.13468217
 6220.27432361 6159.69666624 6100.03929234 6039.97138532 5979.26570512
 5919.16247409 5859.19918452 5799.11574512 5738.27033256 5678.48128568
 5618.07539365 5556.94291611 5495.96805793 5434.85147642 5372.59628532
 5312.05439743 5250.17291538 5188.1711335  5124.9395978  5063.89991
 5002.66744245 4941.41888341 4883.18715681 4821.46685334 4766.99993636
 4709.8286165  4656.0453471  4603.18666588 4553.47720826 4506.50509564
 4456.09354886 4408.4538165  4360.94829357 4315.70343467 4267.25763664
 4225.04474708 4181.14992363 4133.01988709 4091.61611559 4049.77086894
 4007.01982799 3967.70138232 3925.76052538 3886.75087503 3847.64876223
 3808.9088035  3771.54884041 3733.85795847 3696.92285401 3662.6039356 ]


KL divergence loss = [2.94108124e+00 1.73309303e+00 1.13031067e+00 7.46506515e-01
 4.87794880e-01 3.08427094e-01 1.89062915e-01 1.19171962e-01
 9.51328420e-02 1.17378436e-01 1.87097725e-01 3.11468662e-01
 4.98251883e-01 7.56462247e-01 1.09837055e+00 1.53341562e+00
 2.07272765e+00 2.73523649e+00 3.52187442e+00 4.45354809e+00
 5.54367774e+00 6.81403167e+00 8.26444144e+00 9.90427244e+00
 1.17520466e+01 1.38136045e+01 1.61168268e+01 1.86674805e+01
 2.14543468e+01 2.45185290e+01 2.78461973e+01 3.14226712e+01
 3.53296552e+01 3.94422110e+01 4.39253750e+01 4.87509047e+01
 5.38398257e+01 5.93209834e+01 6.52258339e+01 7.14876466e+01
 7.80435846e+01 8.52928961e+01 9.29099488e+01 1.01075544e+02
 1.09890980e+02 1.19519153e+02 1.29166783e+02 1.39678781e+02
 1.50891678e+02 1.62541358e+02 1.74378400e+02 1.85657069e+02
 1.97113123e+02 2.08395007e+02 2.17842762e+02 2.27425928e+02
 2.36216471e+02 2.43866777e+02 2.50223526e+02 2.55881908e+02
 2.61245180e+02 2.66540376e+02 2.72472580e+02 2.77268234e+02
 2.83439617e+02 2.89122299e+02 2.93797032e+02 3.00193435e+02
 3.06053849e+02 3.11051464e+02 3.16361770e+02 3.22258940e+02
 3.27380335e+02 3.33003042e+02 3.38809041e+02 3.44493148e+02
 3.50210999e+02 3.55817987e+02 3.61376075e+02 3.67633714e+02]


Training Time: 93.0 minutes and 56.524609327316284 seconds


