				 -------------TRAINING STATS-------------


Dataset Used:	 27499

Epochs Completed: 80
Learning Rate:	1e-05
Beta Value:	1.5
FINAL LOSSES-   Reconstruction Loss: 3725.8770773482684 	 Latent Loss: 387.85038575266356	

Reconstruction loss = [8916.36246773 8655.11457689 8478.44754355 8331.50021819 8201.61522237
 8083.40553747 7974.11436325 7871.48253573 7774.58228936 7682.39279156
 7594.09415797 7509.31432507 7427.84691262 7348.79489709 7272.26182316
 7197.88125932 7125.63638678 7054.96708971 6985.85275828 6918.42669733
 6851.7030392  6786.80135187 6722.9819448  6659.90309193 6597.06625241
 6536.26581876 6474.83574857 6414.81322957 6355.32676188 6295.98856322
 6236.98987236 6178.4230972  6120.81746609 6062.98186298 6004.71752155
 5947.13319121 5889.82569821 5832.44842994 5774.7773419  5717.9420388
 5660.86012673 5603.40354649 5546.26495963 5489.36538147 5431.93670679
 5375.79425615 5318.80886123 5262.54476526 5204.85233554 5149.78485127
 5094.02836467 5037.40484654 4983.99094967 4926.60948125 4872.72349904
 4818.26509146 4764.72563548 4711.31758882 4658.95373468 4608.36604058
 4555.99418615 4505.94314793 4455.68107477 4407.75511382 4357.36455417
 4312.2252991  4265.57049802 4216.81110222 4171.97552184 4127.9581303
 4083.1914706  4041.81256137 3997.74601576 3957.1602581  3916.50520928
 3876.51702789 3837.74664988 3798.90555793 3761.13969599 3725.87707735]


KL divergence loss = [3.42939214e+00 1.95275282e+00 1.24300219e+00 8.03561606e-01
 5.15119714e-01 3.20092955e-01 1.93329691e-01 1.20507023e-01
 9.51546702e-02 1.15480388e-01 1.80481278e-01 2.95209058e-01
 4.65180211e-01 6.96584780e-01 9.99650139e-01 1.38164415e+00
 1.85175325e+00 2.42738262e+00 3.10843178e+00 3.91437114e+00
 4.85936730e+00 5.96383798e+00 7.22705961e+00 8.66043649e+00
 1.02838656e+01 1.21039381e+01 1.41482536e+01 1.64207806e+01
 1.89164643e+01 2.16724668e+01 2.46830615e+01 2.79314684e+01
 3.14794311e+01 3.52219080e+01 3.93089545e+01 4.37135393e+01
 4.83418351e+01 5.33103672e+01 5.86385804e+01 6.42181601e+01
 7.00179237e+01 7.62916849e+01 8.27620989e+01 8.95379161e+01
 9.65307849e+01 1.04008833e+02 1.11463351e+02 1.19224323e+02
 1.27319832e+02 1.35551841e+02 1.43984329e+02 1.52544566e+02
 1.61209221e+02 1.70243990e+02 1.79174596e+02 1.88393841e+02
 1.97494386e+02 2.06729469e+02 2.15624744e+02 2.24670527e+02
 2.33292352e+02 2.41899730e+02 2.50708476e+02 2.58981909e+02
 2.67879711e+02 2.76544066e+02 2.84414060e+02 2.93228589e+02
 3.01912872e+02 3.09808969e+02 3.17869904e+02 3.26134233e+02
 3.33950980e+02 3.41950040e+02 3.49904077e+02 3.57620846e+02
 3.65336299e+02 3.72794173e+02 3.80008751e+02 3.87850386e+02]


Training Time: 74.0 minutes and 24.08479332923889 seconds


