				 -------------TRAINING STATS-------------


Dataset Used:	 27499

Epochs Completed: 80
Learning Rate:	1e-05
Beta Value:	2.0
FINAL LOSSES-   Reconstruction Loss: 3915.53141705153 	 Latent Loss: 355.4993448625404	

Reconstruction loss = [8916.36227681 8655.10951307 8478.42991563 8331.46795338 8201.57112531
 8083.35544474 7974.06757518 7871.45343922 7774.58803047 7682.45710299
 7594.24433161 7509.58773501 7428.2902151  7349.46285774 7273.22011255
 7199.20389378 7127.40850576 7057.29506982 6988.83326212 6922.19996636
 6856.41232408 6792.59877177 6730.01155042 6668.34308975 6607.12044074
 6548.11082221 6488.72136714 6430.92557457 6373.81024765 6317.20930761
 6261.09830812 6205.65506473 6151.28880596 6096.97663097 6042.62444543
 5989.07016619 5935.93411124 5882.96626696 5830.10656751 5777.89938725
 5725.76152769 5673.53281483 5621.71177588 5570.1426461  5518.32657097
 5467.47969472 5416.04706989 5365.40265101 5313.47424452 5263.72387632
 5213.42721554 5162.18510673 5113.70743936 5062.23672679 5012.76740063
 4963.41275592 4914.39500982 4865.41129677 4816.67095622 4769.2962335
 4720.38817775 4673.23421761 4625.6258273  4580.02818739 4532.2821148
 4488.59265337 4443.48482218 4397.49052693 4353.65866941 4310.60611295
 4267.12456817 4226.56658424 4183.44363886 4143.54779265 4103.66050356
 4064.31381141 4026.0719208  3987.7434384  3950.39113922 3915.53141705]


KL divergence loss = [4.37146724e+00 2.36156970e+00 1.44854925e+00 9.06766508e-01
 5.65250084e-01 3.42873849e-01 2.03212632e-01 1.24840770e-01
 9.62321632e-02 1.11871287e-01 1.67177705e-01 2.63791299e-01
 4.03735571e-01 5.88435647e-01 8.24539436e-01 1.11495728e+00
 1.46455895e+00 1.88607482e+00 2.37573501e+00 2.94786336e+00
 3.61371325e+00 4.38833367e+00 5.26751014e+00 6.26170298e+00
 7.38842288e+00 8.65303257e+00 1.00785215e+01 1.16667054e+01
 1.34185039e+01 1.53648116e+01 1.75083414e+01 1.98369138e+01
 2.23916756e+01 2.51039675e+01 2.80969331e+01 3.13548889e+01
 3.48030427e+01 3.85305111e+01 4.25721312e+01 4.68237573e+01
 5.12914804e+01 5.61395127e+01 6.11866371e+01 6.65150723e+01
 7.20280913e+01 7.79685454e+01 8.40045850e+01 9.03039490e+01
 9.69336335e+01 1.03721433e+02 1.10733797e+02 1.18002580e+02
 1.25343651e+02 1.33069244e+02 1.40912381e+02 1.49029091e+02
 1.57144761e+02 1.65547788e+02 1.73901966e+02 1.82603995e+02
 1.91162942e+02 1.99872252e+02 2.08825652e+02 2.17482466e+02
 2.26675023e+02 2.35759530e+02 2.44305444e+02 2.53550426e+02
 2.62778169e+02 2.71471465e+02 2.80304156e+02 2.89164788e+02
 2.97782639e+02 3.06497823e+02 3.15056459e+02 3.23389628e+02
 3.31658262e+02 3.39641769e+02 3.47345468e+02 3.55499345e+02]


Training Time: 95.0 minutes and 48.16917848587036 seconds


